* frameTime 0.000022 * * inCalibrateBool 0.000000 * * eventFlag 0.000000 * * trialType t2 * [ viewPos_XYZ 0.000000 1.000000 -0.000000 ] < viewQUAT_WXYZ 0.000000 0.000000 0.000000 1.000000 > < eyeTimeStamp 8393363816.000000 > < IOD 62.886871 > < IPD 63.255026 > < eyePOR_XY 1426.999766 411.635426 > < eyeGazeDir_XYZ -0.415363 -0.497447 0.761590 > < eyeGazePoint_XYZ -1.870771 1.120252 -27.402103 > < rightPupilRadius 1.094202 > < rightEyeLensDistance 26.216774 > < rightGazePoint_XYZ -31.880459 0.183756 -25.855416 > < rightGazeDir_XYZ -0.298167 0.117795 0.683785 > < rightPOR_XY 1580.812925 287.790041 > < rightPupilPos_XYZ -38.051405 -1.964093 -20.073011 > < leftPupilRadius 1.368666 > < leftEyeLensDistance 25.130861 > < leftGazePoint_XYZ 28.375988 1.302561 -24.624098 > < leftGazeDir_XYZ -0.226958 -0.053158 0.748223 > < leftPOR_XY 1240.465458 555.211796 > < leftPupilPos_XYZ 25.168662 -1.953505 -17.970316 > [ paddlePos_XYZ -1.247185 0.658884 -2.366619 ] < paddleQUAT_WXYZ 0.075196 -0.662576 0.737628 0.106038 > [ ballPos_XYZ nan nan nan ] [ ballVel_XYZ nan nan nan ] [ ballPix_XYDist nan nan nan ] @ invViewMat [1.0, 0.0, 0.0, 0.0, 0.0, 1.0, 0.0, 0.0, 0.0, 0.0, 1.0, 0.0, 0.03200000151991844, -1.0, -0.0, 1.0] @ @ invProMat [1.0755127546977834, 0.0, 0.0, 0.0, 0.0, 1.3292862869606672, 0.0, 0.0, 3.469446951953614e-18, 0.0, 0.0, -99.99989978979139, 0.016855239702852798, 0.0, -1.0, 99.99999515712746] @ 
* frameTime 0.120135 * * inCalibrateBool 0.000000 * * eventFlag 0.000000 * * trialType t2 * [ viewPos_XYZ -1.186826 1.062243 -2.538087 ] < viewQUAT_WXYZ -0.192895 0.667992 -0.645089 -0.316920 > < eyeTimeStamp 8393363816.000000 > < IOD 62.886871 > < IPD 63.255026 > < eyePOR_XY 1426.999766 411.635426 > < eyeGazeDir_XYZ -0.415363 -0.497447 0.761590 > < eyeGazePoint_XYZ -1.870771 1.120252 -27.402103 > < rightPupilRadius 1.094202 > < rightEyeLensDistance 26.216774 > < rightGazePoint_XYZ -31.880459 0.183756 -25.855416 > < rightGazeDir_XYZ -0.298167 0.117795 0.683785 > < rightPOR_XY 1580.812925 287.790041 > < rightPupilPos_XYZ -38.051405 -1.964093 -20.073011 > < leftPupilRadius 1.368666 > < leftEyeLensDistance 25.130861 > < leftGazePoint_XYZ 28.375988 1.302561 -24.624098 > < leftGazeDir_XYZ -0.226958 -0.053158 0.748223 > < leftPOR_XY 1240.465458 555.211796 > < leftPupilPos_XYZ 25.168662 -1.953505 -17.970316 > [ paddlePos_XYZ -1.246781 0.659142 -2.366461 ] < paddleQUAT_WXYZ 0.074124 -0.662915 0.737240 0.107361 > [ ballPos_XYZ nan nan nan ] [ ballVel_XYZ nan nan nan ] [ ballPix_XYDist nan nan nan ] @ invViewMat [-0.7247066936436359, -0.666587677403941, -0.174531159637963, 0.0, 0.15117917018019672, 0.09330262907872189, -0.9840932043878201, 0.0, 0.6722686137215848, -0.7395643861659549, 0.0331571274155472, 0.0, 0.7175867897251764, -2.767312474850176, 0.9223640461762604, 1.0] @ @ invProMat [1.0755127546977834, 0.0, 0.0, 0.0, 0.0, 1.3292862869606672, 0.0, 0.0, 3.469446951953614e-18, 0.0, 0.0, -99.99989978979139, 0.016855239702852798, 0.0, -1.0, 99.99999515712746] @ 
* frameTime 0.143545 * * inCalibrateBool 0.000000 * * eventFlag 0.000000 * * trialType t2 * [ viewPos_XYZ -1.184739 1.061137 -2.531249 ] < viewQUAT_WXYZ -0.192181 0.668428 -0.645472 -0.315653 > < eyeTimeStamp 8393363816.000000 > < IOD 62.886871 > < IPD 63.255026 > < eyePOR_XY 1426.999766 411.635426 > < eyeGazeDir_XYZ -0.415363 -0.497447 0.761590 > < eyeGazePoint_XYZ -1.870771 1.120252 -27.402103 > < rightPupilRadius 1.094202 > < rightEyeLensDistance 26.216774 > < rightGazePoint_XYZ -31.880459 0.183756 -25.855416 > < rightGazeDir_XYZ -0.298167 0.117795 0.683785 > < rightPOR_XY 1580.812925 287.790041 > < rightPupilPos_XYZ -38.051405 -1.964093 -20.073011 > < leftPupilRadius 1.368666 > < leftEyeLensDistance 25.130861 > < leftGazePoint_XYZ 28.375988 1.302561 -24.624098 > < leftGazeDir_XYZ -0.226958 -0.053158 0.748223 > < leftPOR_XY 1240.465458 555.211796 > < leftPupilPos_XYZ 25.168662 -1.953505 -17.970316 > [ paddlePos_XYZ -1.247112 0.658868 -2.366535 ] < paddleQUAT_WXYZ 0.074999 -0.662452 0.737790 0.105819 > [ ballPos_XYZ nan nan nan ] [ ballVel_XYZ nan nan nan ] [ ballPix_XYDist nan nan nan ] @ invViewMat [-0.7268594201304239, -0.6644085072375742, -0.17388702627455416, 0.0, 0.1505707961996117, 0.09286552938885466, -0.9842278311694179, 0.0, 0.6700774687150604, -0.741577625175473, 0.0325403262351297, 0.0, 0.7072178964173417, -2.7628117175656293, 0.9207573515562391, 1.0] @ @ invProMat [1.0755127546977834, 0.0, 0.0, 0.0, 0.0, 1.3292862869606672, 0.0, 0.0, 3.469446951953614e-18, 0.0, 0.0, -99.99989978979139, 0.016855239702852798, 0.0, -1.0, 99.99999515712746] @ 
* frameTime 0.156302 * * inCalibrateBool 0.000000 * * eventFlag 0.000000 * * trialType t2 * [ viewPos_XYZ -1.185006 1.061222 -2.532745 ] < viewQUAT_WXYZ -0.194127 0.667370 -0.645418 -0.316809 > < eyeTimeStamp 8393363816.000000 > < IOD 62.886871 > < IPD 63.255026 > < eyePOR_XY 1426.999766 411.635426 > < eyeGazeDir_XYZ -0.415363 -0.497447 0.761590 > < eyeGazePoint_XYZ -1.870771 1.120252 -27.402103 > < rightPupilRadius 1.094202 > < rightEyeLensDistance 26.216774 > < rightGazePoint_XYZ -31.880459 0.183756 -25.855416 > < rightGazeDir_XYZ -0.298167 0.117795 0.683785 > < rightPOR_XY 1580.812925 287.790041 > < rightPupilPos_XYZ -38.051405 -1.964093 -20.073011 > < leftPupilRadius 1.368666 > < leftEyeLensDistance 25.130861 > < leftGazePoint_XYZ 28.375988 1.302561 -24.624098 > < leftGazeDir_XYZ -0.226958 -0.053158 0.748223 > < leftPOR_XY 1240.465458 555.211796 > < leftPupilPos_XYZ 25.168662 -1.953505 -17.970316 > [ paddlePos_XYZ -1.246947 0.659630 -2.366746 ] < paddleQUAT_WXYZ 0.071678 -0.664484 0.735876 0.108668 > [ ballPos_XYZ nan nan nan ] [ ballVel_XYZ nan nan nan ] [ ballPix_XYDist nan nan nan ] @ invViewMat [-0.7238934927966915, -0.6680574134245989, -0.17227159508852397, 0.0, 0.14983991088353366, 0.09150050787571297, -0.9844671801312682, 0.0, 0.6734435045990308, -0.7384625770682252, 0.03386504205106844, 0.0, 0.7208292160200281, -2.759092188940132, 0.9263667264938615, 1.0] @ @ invProMat [1.0755127546977834, 0.0, 0.0, 0.0, 0.0, 1.3292862869606672, 0.0, 0.0, 3.469446951953614e-18, 0.0, 0.0, -99.99989978979139, 0.016855239702852798, 0.0, -1.0, 99.99999515712746] @ 
* frameTime 0.169628 * * inCalibrateBool 0.000000 * * eventFlag 0.000000 * * trialType t2 * [ viewPos_XYZ -1.185172 1.062424 -2.533146 ] < viewQUAT_WXYZ -0.195941 0.666987 -0.644824 -0.317705 > < eyeTimeStamp 8393363816.000000 > < IOD 62.886871 > < IPD 63.255026 > < eyePOR_XY 1426.999766 411.635426 > < eyeGazeDir_XYZ -0.415363 -0.497447 0.761590 > < eyeGazePoint_XYZ -1.870771 1.120252 -27.402103 > < rightPupilRadius 1.094202 > < rightEyeLensDistance 26.216774 > < rightGazePoint_XYZ -31.880459 0.183756 -25.855416 > < rightGazeDir_XYZ -0.298167 0.117795 0.683785 > < rightPOR_XY 1580.812925 287.790041 > < rightPupilPos_XYZ -38.051405 -1.964093 -20.073011 > < leftPupilRadius 1.368666 > < leftEyeLensDistance 25.130861 > < leftGazePoint_XYZ 28.375988 1.302561 -24.624098 > < leftGazeDir_XYZ -0.226958 -0.053158 0.748223 > < leftPOR_XY 1240.465458 555.211796 > < leftPupilPos_XYZ 25.168662 -1.953505 -17.970316 > [ paddlePos_XYZ -1.247222 0.658608 -2.366381 ] < paddleQUAT_WXYZ 0.076835 -0.662163 0.737879 0.105690 > [ ballPos_XYZ nan nan nan ] [ ballVel_XYZ nan nan nan ] [ ballPix_XYDist nan nan nan ] @ invViewMat [-0.7213405845879219, -0.6711089700533468, -0.17111561084616628, 0.0, 0.14834798188868753, 0.09161715413408601, -0.984682279954104, 0.0, 0.6765062291554452, -0.7356759012838197, 0.033470489626500705, 0.0, 0.7331677174780731, -2.7562906325988443, 0.9281343973999739, 1.0] @ @ invProMat [1.0755127546977834, 0.0, 0.0, 0.0, 0.0, 1.3292862869606672, 0.0, 0.0, 3.469446951953614e-18, 0.0, 0.0, -99.99989978979139, 0.016855239702852798, 0.0, -1.0, 99.99999515712746] @ 
* frameTime 0.183001 * * inCalibrateBool 0.000000 * * eventFlag 0.000000 * * trialType t2 * [ viewPos_XYZ -1.186210 1.062528 -2.536530 ] < viewQUAT_WXYZ -0.197495 0.666991 -0.644015 -0.318375 > < eyeTimeStamp 8393363816.000000 > < IOD 62.886871 > < IPD 63.255026 > < eyePOR_XY 1426.999766 411.635426 > < eyeGazeDir_XYZ -0.415363 -0.497447 0.761590 > < eyeGazePoint_XYZ -1.870771 1.120252 -27.402103 > < rightPupilRadius 1.094202 > < rightEyeLensDistance 26.216774 > < rightGazePoint_XYZ -31.880459 0.183756 -25.855416 > < rightGazeDir_XYZ -0.298167 0.117795 0.683785 > < rightPOR_XY 1580.812925 287.790041 > < rightPupilPos_XYZ -38.051405 -1.964093 -20.073011 > < leftPupilRadius 1.368666 > < leftEyeLensDistance 25.130861 > < leftGazePoint_XYZ 28.375988 1.302561 -24.624098 > < leftGazeDir_XYZ -0.226958 -0.053158 0.748223 > < leftPOR_XY 1240.465458 555.211796 > < leftPupilPos_XYZ 25.168662 -1.953505 -17.970316 > [ paddlePos_XYZ -1.246990 0.658679 -2.366265 ] < paddleQUAT_WXYZ 0.076887 -0.661759 0.738096 0.106669 > [ ballPos_XYZ nan nan nan ] [ ballVel_XYZ nan nan nan ] [ ballPix_XYDist nan nan nan ] @ invViewMat [-0.7192663323926728, -0.6735317244726247, -0.17032614141500627, 0.0, 0.14662096821808906, 0.09247959131265532, -0.9848603072415207, 0.0, 0.6790863605751708, -0.7333502302762087, 0.032236416980361435, 0.0, 0.7455332173945882, -2.7573772011273694, 0.926167888888168, 1.0] @ @ invProMat [1.0755127546977834, 0.0, 0.0, 0.0, 0.0, 1.3292862869606672, 0.0, 0.0, 3.469446951953614e-18, 0.0, 0.0, -99.99989978979139, 0.016855239702852798, 0.0, -1.0, 99.99999515712746] @ 
* frameTime 0.196210 * * inCalibrateBool 0.000000 * * eventFlag 0.000000 * * trialType t2 * [ viewPos_XYZ -1.187369 1.062281 -2.537740 ] < viewQUAT_WXYZ -0.198961 0.666992 -0.643267 -0.318972 > < eyeTimeStamp 8393363816.000000 > < IOD 62.886871 > < IPD 63.255026 > < eyePOR_XY 1426.999766 411.635426 > < eyeGazeDir_XYZ -0.415363 -0.497447 0.761590 > < eyeGazePoint_XYZ -1.870771 1.120252 -27.402103 > < rightPupilRadius 1.094202 > < rightEyeLensDistance 26.216774 > < rightGazePoint_XYZ -31.880459 0.183756 -25.855416 > < rightGazeDir_XYZ -0.298167 0.117795 0.683785 > < rightPOR_XY 1580.812925 287.790041 > < rightPupilPos_XYZ -38.051405 -1.964093 -20.073011 > < leftPupilRadius 1.368666 > < leftEyeLensDistance 25.130861 > < leftGazePoint_XYZ 28.375988 1.302561 -24.624098 > < leftGazeDir_XYZ -0.226958 -0.053158 0.748223 > < leftPOR_XY 1240.465458 555.211796 > < leftPupilPos_XYZ 25.168662 -1.953505 -17.970316 > [ paddlePos_XYZ -1.246855 0.659528 -2.366696 ] < paddleQUAT_WXYZ 0.072151 -0.663678 0.736577 0.108539 > [ ballPos_XYZ nan nan nan ] [ ballVel_XYZ nan nan nan ] [ ballPix_XYDist nan nan nan ] @ invViewMat [-0.7173425483771737, -0.6757797407065695, -0.1695328643461184, 0.0, 0.14495708133958807, 0.0932431830778904, -0.9850346052895054, 0.0, 0.681474224316597, -0.7311822212864021, 0.031071759031137153, 0.0, 0.7556695789445037, -2.7570008324682806, 0.9239372132533096, 1.0] @ @ invProMat [1.0755127546977834, 0.0, 0.0, 0.0, 0.0, 1.3292862869606672, 0.0, 0.0, 3.469446951953614e-18, 0.0, 0.0, -99.99989978979139, 0.016855239702852798, 0.0, -1.0, 99.99999515712746] @ 
* frameTime 0.236752 * * inCalibrateBool 0.000000 * * eventFlag 0.000000 * * trialType t2 * [ viewPos_XYZ -1.185040 1.061298 -2.534865 ] < viewQUAT_WXYZ -0.200432 0.667232 -0.642384 -0.319328 > < eyeTimeStamp 8393363816.000000 > < IOD 62.886871 > < IPD 63.255026 > < eyePOR_XY 1426.999766 411.635426 > < eyeGazeDir_XYZ -0.415363 -0.497447 0.761590 > < eyeGazePoint_XYZ -1.870771 1.120252 -27.402103 > < rightPupilRadius 1.094202 > < rightEyeLensDistance 26.216774 > < rightGazePoint_XYZ -31.880459 0.183756 -25.855416 > < rightGazeDir_XYZ -0.298167 0.117795 0.683785 > < rightPOR_XY 1580.812925 287.790041 > < rightPupilPos_XYZ -38.051405 -1.964093 -20.073011 > < leftPupilRadius 1.368666 > < leftEyeLensDistance 25.130861 > < leftGazePoint_XYZ 28.375988 1.302561 -24.624098 > < leftGazeDir_XYZ -0.226958 -0.053158 0.748223 > < leftPOR_XY 1240.465458 555.211796 > < leftPupilPos_XYZ 25.168662 -1.953505 -17.970316 > [ paddlePos_XYZ -1.247106 0.658878 -2.366425 ] < paddleQUAT_WXYZ 0.074876 -0.662840 0.737325 0.106720 > [ ballPos_XYZ nan nan nan ] [ ballVel_XYZ nan nan nan ] [ ballPix_XYDist nan nan nan ] @ invViewMat [-0.7157130990081065, -0.6777324666780372, -0.16862227766763446, 0.0, 0.1427926604335279, 0.09433801034660733, -0.9852464504004725, 0.0, 0.6836409989721255, -0.7292317997525068, 0.029256272883371084, 0.0, 0.7652438021252919, -2.7517645939718682, 0.9199764621169162, 1.0] @ @ invProMat [1.0755127546977834, 0.0, 0.0, 0.0, 0.0, 1.3292862869606672, 0.0, 0.0, 3.469446951953614e-18, 0.0, 0.0, -99.99989978979139, 0.016855239702852798, 0.0, -1.0, 99.99999515712746] @ 
* frameTime 0.250938 * * inCalibrateBool 0.000000 * * eventFlag 0.000000 * * trialType t2 * [ viewPos_XYZ -1.185541 1.062545 -2.538283 ] < viewQUAT_WXYZ -0.201870 0.667482 -0.641433 -0.319811 > < eyeTimeStamp 8393363816.000000 > < IOD 62.886871 > < IPD 63.255026 > < eyePOR_XY 1426.999766 411.635426 > < eyeGazeDir_XYZ -0.415363 -0.497447 0.761590 > < eyeGazePoint_XYZ -1.870771 1.120252 -27.402103 > < rightPupilRadius 1.094202 > < rightEyeLensDistance 26.216774 > < rightGazePoint_XYZ -31.880459 0.183756 -25.855416 > < rightGazeDir_XYZ -0.298167 0.117795 0.683785 > < rightPOR_XY 1580.812925 287.790041 > < rightPupilPos_XYZ -38.051405 -1.964093 -20.073011 > < leftPupilRadius 1.368666 > < leftEyeLensDistance 25.130861 > < leftGazePoint_XYZ 28.375988 1.302561 -24.624098 > < leftGazeDir_XYZ -0.226958 -0.053158 0.748223 > < leftPOR_XY 1240.465458 555.211796 > < leftPupilPos_XYZ 25.168662 -1.953505 -17.970316 > [ paddlePos_XYZ -1.247208 0.658128 -2.366137 ] < paddleQUAT_WXYZ 0.078985 -0.660750 0.739088 0.104498 > [ ballPos_XYZ nan nan nan ] [ ballVel_XYZ nan nan nan ] [ ballPix_XYDist nan nan nan ] @ invViewMat [-0.7139383607018913, -0.6797647369336597, -0.16796390342186912, 0.0, 0.14078488661265245, 0.09562398812284656, -0.9854114362985631, 0.0, 0.6859093067561546, -0.7271698299785964, 0.027430968337531267, 0.0, 0.7770385021172966, -2.7532569662747806, 0.9175429659794441, 1.0] @ @ invProMat [1.0755127546977834, 0.0, 0.0, 0.0, 0.0, 1.3292862869606672, 0.0, 0.0, 3.469446951953614e-18, 0.0, 0.0, -99.99989978979139, 0.016855239702852798, 0.0, -1.0, 99.99999515712746] @ 
* frameTime 0.263301 * * inCalibrateBool 0.000000 * * eventFlag 0.000000 * * trialType t2 * [ viewPos_XYZ -1.185910 1.062657 -2.535106 ] < viewQUAT_WXYZ -0.205394 0.667778 -0.639531 -0.320758 > < eyeTimeStamp 8393363816.000000 > < IOD 62.886871 > < IPD 63.255026 > < eyePOR_XY 1426.999766 411.635426 > < eyeGazeDir_XYZ -0.415363 -0.497447 0.761590 > < eyeGazePoint_XYZ -1.870771 1.120252 -27.402103 > < rightPupilRadius 1.094202 > < rightEyeLensDistance 26.216774 > < rightGazePoint_XYZ -31.880459 0.183756 -25.855416 > < rightGazeDir_XYZ -0.298167 0.117795 0.683785 > < rightPOR_XY 1580.812925 287.790041 > < rightPupilPos_XYZ -38.051405 -1.964093 -20.073011 > < leftPupilRadius 1.368666 > < leftEyeLensDistance 25.130861 > < leftGazePoint_XYZ 28.375988 1.302561 -24.624098 > < leftGazeDir_XYZ -0.226958 -0.053158 0.748223 > < leftPOR_XY 1240.465458 555.211796 > < leftPupilPos_XYZ 25.168662 -1.953505 -17.970316 > [ paddlePos_XYZ -1.246820 0.659199 -2.366511 ] < paddleQUAT_WXYZ 0.073844 -0.662905 0.737205 0.107854 > [ ballPos_XYZ nan nan nan ] [ ballVel_XYZ nan nan nan ] [ ballPix_XYDist nan nan nan ] @ invViewMat [-0.7098556095310976, -0.6845843444836701, -0.1656781787700569, 0.0, 0.13595339172111268, 0.09762674074907206, -0.9858933280152247, 0.0, 0.691101789715333, -0.7223664244890339, 0.023770682082664876, 0.0, 0.7977197910075344, -2.746874968581191, 0.9114486743539426, 1.0] @ @ invProMat [1.0755127546977834, 0.0, 0.0, 0.0, 0.0, 1.3292862869606672, 0.0, 0.0, 3.469446951953614e-18, 0.0, 0.0, -99.99989978979139, 0.016855239702852798, 0.0, -1.0, 99.99999515712746] @ 
* frameTime 0.276311 * * inCalibrateBool 0.000000 * * eventFlag 0.000000 * * trialType t2 * [ viewPos_XYZ -1.185652 1.062267 -2.535793 ] < viewQUAT_WXYZ -0.206408 0.668168 -0.638923 -0.320506 > < eyeTimeStamp 8393363816.000000 > < IOD 62.886871 > < IPD 63.255026 > < eyePOR_XY 1426.999766 411.635426 > < eyeGazeDir_XYZ -0.415363 -0.497447 0.761590 > < eyeGazePoint_XYZ -1.870771 1.120252 -27.402103 > < rightPupilRadius 1.094202 > < rightEyeLensDistance 26.216774 > < rightGazePoint_XYZ -31.880459 0.183756 -25.855416 > < rightGazeDir_XYZ -0.298167 0.117795 0.683785 > < rightPOR_XY 1580.812925 287.790041 > < rightPupilPos_XYZ -38.051405 -1.964093 -20.073011 > < leftPupilRadius 1.368666 > < leftEyeLensDistance 25.130861 > < leftGazePoint_XYZ 28.375988 1.302561 -24.624098 > < leftGazeDir_XYZ -0.226958 -0.053158 0.748223 > < leftPOR_XY 1240.465458 555.211796 > < leftPupilPos_XYZ 25.168662 -1.953505 -17.970316 > [ paddlePos_XYZ -1.246874 0.659753 -2.366929 ] < paddleQUAT_WXYZ 0.070984 -0.664415 0.736002 0.108699 > [ ballPos_XYZ nan nan nan ] [ ballVel_XYZ nan nan nan ] [ ballPix_XYDist nan nan nan ] @ invViewMat [-0.7093427244139012, -0.6853886435340416, -0.1645456893414806, 0.0, 0.13372693830144763, 0.09834510466782688, -0.9861264471445274, 0.0, 0.6920621462188085, -0.7215057792304603, 0.021894544429749502, 0.0, 0.8038393268031522, -2.7466902666341864, 0.9079557047096252, 1.0] @ @ invProMat [1.0755127546977834, 0.0, 0.0, 0.0, 0.0, 1.3292862869606672, 0.0, 0.0, 3.469446951953614e-18, 0.0, 0.0, -99.99989978979139, 0.016855239702852798, 0.0, -1.0, 99.99999515712746] @ 
* frameTime 0.289548 * * inCalibrateBool 0.000000 * * eventFlag 0.000000 * * trialType t2 * [ viewPos_XYZ -1.185507 1.062365 -2.536327 ] < viewQUAT_WXYZ -0.207139 0.668802 -0.638165 -0.320224 > < eyeTimeStamp 8393363816.000000 > < IOD 62.886871 > < IPD 63.255026 > < eyePOR_XY 1426.999766 411.635426 > < eyeGazeDir_XYZ -0.415363 -0.497447 0.761590 > < eyeGazePoint_XYZ -1.870771 1.120252 -27.402103 > < rightPupilRadius 1.094202 > < rightEyeLensDistance 26.216774 > < rightGazePoint_XYZ -31.880459 0.183756 -25.855416 > < rightGazeDir_XYZ -0.298167 0.117795 0.683785 > < rightPOR_XY 1580.812925 287.790041 > < rightPupilPos_XYZ -38.051405 -1.964093 -20.073011 > < leftPupilRadius 1.368666 > < leftEyeLensDistance 25.130861 > < leftGazePoint_XYZ 28.375988 1.302561 -24.624098 > < leftGazeDir_XYZ -0.226958 -0.053158 0.748223 > < leftPOR_XY 1240.465458 555.211796 > < leftPupilPos_XYZ 25.168662 -1.953505 -17.970316 > [ paddlePos_XYZ -1.246937 0.659376 -2.366782 ] < paddleQUAT_WXYZ 0.072340 -0.663895 0.736438 0.108020 > [ ballPos_XYZ nan nan nan ] [ ballVel_XYZ nan nan nan ] [ ballPix_XYDist nan nan nan ] @ invViewMat [-0.7091004001922625, -0.6857811553389355, -0.16395389004917535, 0.0, 0.1316407348638131, 0.09967736928149937, -0.9862733711026201, 0.0, 0.6927101565466922, -0.7209498255548622, 0.01959547612670079, 0.0, 0.8084456080338189, -2.74745634604169, 0.903113982958564, 1.0] @ @ invProMat [1.0755127546977834, 0.0, 0.0, 0.0, 0.0, 1.3292862869606672, 0.0, 0.0, 3.469446951953614e-18, 0.0, 0.0, -99.99989978979139, 0.016855239702852798, 0.0, -1.0, 99.99999515712746] @ 
* frameTime 0.303066 * * inCalibrateBool 0.000000 * * eventFlag 0.000000 * * trialType t2 * [ viewPos_XYZ -1.186929 1.063047 -2.539043 ] < viewQUAT_WXYZ -0.207887 0.669481 -0.637474 -0.319695 > < eyeTimeStamp 8393363816.000000 > < IOD 62.886871 > < IPD 63.255026 > < eyePOR_XY 1426.999766 411.635426 > < eyeGazeDir_XYZ -0.415363 -0.497447 0.761590 > < eyeGazePoint_XYZ -1.870771 1.120252 -27.402103 > < rightPupilRadius 1.094202 > < rightEyeLensDistance 26.216774 > < rightGazePoint_XYZ -31.880459 0.183756 -25.855416 > < rightGazeDir_XYZ -0.298167 0.117795 0.683785 > < rightPOR_XY 1580.812925 287.790041 > < rightPupilPos_XYZ -38.051405 -1.964093 -20.073011 > < leftPupilRadius 1.368666 > < leftEyeLensDistance 25.130861 > < leftGazePoint_XYZ 28.375988 1.302561 -24.624098 > < leftGazeDir_XYZ -0.226958 -0.053158 0.748223 > < leftPOR_XY 1240.465458 555.211796 > < leftPupilPos_XYZ 25.168662 -1.953505 -17.970316 > [ paddlePos_XYZ -1.247093 0.659250 -2.366657 ] < paddleQUAT_WXYZ 0.073267 -0.663689 0.736559 0.107842 > [ ballPos_XYZ nan nan nan ] [ ballVel_XYZ nan nan nan ] [ ballPix_XYDist nan nan nan ] @ invViewMat [-0.7091557605195733, -0.6859479723064683, -0.16301359229018225, 0.0, 0.1292413856313411, 0.1008188628492165, -0.986474651576551, 0.0, 0.6931051319283529, -0.7206322789134773, 0.017156592831649345, 0.0, 0.8127165795727086, -2.7510636108739583, 0.8987449280263605, 1.0] @ @ invProMat [1.0755127546977834, 0.0, 0.0, 0.0, 0.0, 1.3292862869606672, 0.0, 0.0, 3.469446951953614e-18, 0.0, 0.0, -99.99989978979139, 0.016855239702852798, 0.0, -1.0, 99.99999515712746] @ 
* frameTime 0.316879 * * inCalibrateBool 0.000000 * * eventFlag 0.000000 * * trialType t2 * [ viewPos_XYZ -1.185942 1.062945 -2.538058 ] < viewQUAT_WXYZ -0.208384 0.670077 -0.636933 -0.319201 > < eyeTimeStamp 8393363816.000000 > < IOD 62.886871 > < IPD 63.255026 > < eyePOR_XY 1426.999766 411.635426 > < eyeGazeDir_XYZ -0.415363 -0.497447 0.761590 > < eyeGazePoint_XYZ -1.870771 1.120252 -27.402103 > < rightPupilRadius 1.094202 > < rightEyeLensDistance 26.216774 > < rightGazePoint_XYZ -31.880459 0.183756 -25.855416 > < rightGazeDir_XYZ -0.298167 0.117795 0.683785 > < rightPOR_XY 1580.812925 287.790041 > < rightPupilPos_XYZ -38.051405 -1.964093 -20.073011 > < leftPupilRadius 1.368666 > < leftEyeLensDistance 25.130861 > < leftGazePoint_XYZ 28.375988 1.302561 -24.624098 > < leftGazeDir_XYZ -0.226958 -0.053158 0.748223 > < leftPOR_XY 1240.465458 555.211796 > < leftPupilPos_XYZ 25.168662 -1.953505 -17.970316 > [ paddlePos_XYZ -1.247267 0.658375 -2.366258 ] < paddleQUAT_WXYZ 0.077967 -0.661461 0.738464 0.105177 > [ ballPos_XYZ nan nan nan ] [ ballVel_XYZ nan nan nan ] [ ballPix_XYDist nan nan nan ] @ invViewMat [-0.7093735620391463, -0.6858859696450258, -0.162325489916585, 0.0, 0.12735344781950625, 0.10178452067947391, -0.9866209914786019, 0.0, 0.6932316920967879, -0.7205555659746464, 0.015146688865457128, 0.0, 0.8148161414517131, -2.7504240052268054, 0.8946588731714521, 1.0] @ @ invProMat [1.0755127546977834, 0.0, 0.0, 0.0, 0.0, 1.3292862869606672, 0.0, 0.0, 3.469446951953614e-18, 0.0, 0.0, -99.99989978979139, 0.016855239702852798, 0.0, -1.0, 99.99999515712746] @ 
* frameTime 0.332805 * * inCalibrateBool 0.000000 * * eventFlag 0.000000 * * trialType t2 * [ viewPos_XYZ -1.185723 1.062970 -2.533602 ] < viewQUAT_WXYZ -0.209021 0.670796 -0.636288 -0.318558 > < eyeTimeStamp 8393363816.000000 > < IOD 62.886871 > < IPD 63.255026 > < eyePOR_XY 1426.999766 411.635426 > < eyeGazeDir_XYZ -0.415363 -0.497447 0.761590 > < eyeGazePoint_XYZ -1.870771 1.120252 -27.402103 > < rightPupilRadius 1.094202 > < rightEyeLensDistance 26.216774 > < rightGazePoint_XYZ -31.880459 0.183756 -25.855416 > < rightGazeDir_XYZ -0.298167 0.117795 0.683785 > < rightPOR_XY 1580.812925 287.790041 > < rightPupilPos_XYZ -38.051405 -1.964093 -20.073011 > < leftPupilRadius 1.368666 > < leftEyeLensDistance 25.130861 > < leftGazePoint_XYZ 28.375988 1.302561 -24.624098 > < leftGazeDir_XYZ -0.226958 -0.053158 0.748223 > < leftPOR_XY 1240.465458 555.211796 > < leftPupilPos_XYZ 25.168662 -1.953505 -17.970316 > [ paddlePos_XYZ -1.246868 0.659244 -2.366495 ] < paddleQUAT_WXYZ 0.073917 -0.663025 0.737058 0.108067 > [ ballPos_XYZ nan nan nan ] [ ballVel_XYZ nan nan nan ] [ ballPix_XYDist nan nan nan ] @ invViewMat [-0.70966125983519, -0.6858113614514612, -0.1613803437992719, 0.0, 0.12496872115710231, 0.1028947470191386, -0.9868107883358386, 0.0, 0.6933712515378121, -0.7204688994824985, 0.012684554893920785, 0.0, 0.8144274508429543, -2.7479375474718806, 0.8897353649876443, 1.0] @ @ invProMat [1.0755127546977834, 0.0, 0.0, 0.0, 0.0, 1.3292862869606672, 0.0, 0.0, 3.469446951953614e-18, 0.0, 0.0, -99.99989978979139, 0.016855239702852798, 0.0, -1.0, 99.99999515712746] @ 
* frameTime 0.342855 * * inCalibrateBool 0.000000 * * eventFlag 0.000000 * * trialType t2 * [ viewPos_XYZ -1.186596 1.062542 -2.537905 ] < viewQUAT_WXYZ -0.209737 0.671398 -0.636013 -0.317367 > < eyeTimeStamp 8393363816.000000 > < IOD 62.886871 > < IPD 63.255026 > < eyePOR_XY 1426.999766 411.635426 > < eyeGazeDir_XYZ -0.415363 -0.497447 0.761590 > < eyeGazePoint_XYZ -1.870771 1.120252 -27.402103 > < rightPupilRadius 1.094202 > < rightEyeLensDistance 26.216774 > < rightGazePoint_XYZ -31.880459 0.183756 -25.855416 > < rightGazeDir_XYZ -0.298167 0.117795 0.683785 > < rightPOR_XY 1580.812925 287.790041 > < rightPupilPos_XYZ -38.051405 -1.964093 -20.073011 > < leftPupilRadius 1.368666 > < leftEyeLensDistance 25.130861 > < leftGazePoint_XYZ 28.375988 1.302561 -24.624098 > < leftGazeDir_XYZ -0.226958 -0.053158 0.748223 > < leftPOR_XY 1240.465458 555.211796 > < leftPupilPos_XYZ 25.168662 -1.953505 -17.970316 > [ paddlePos_XYZ -1.246627 0.660349 -2.366982 ] < paddleQUAT_WXYZ 0.068333 -0.665597 0.734892 0.110653 > [ ballPos_XYZ nan nan nan ] [ ballVel_XYZ nan nan nan ] [ ballPix_XYDist nan nan nan ] @ invViewMat [-0.7105774991851398, -0.6853330215862489, -0.15936837994994463, 0.0, 0.12206511548193572, 0.102995117494907, -0.9871636800504359, 0.0, 0.6929500346479088, -0.7209096183154369, 0.010469243050559046, 0.0, 0.8177737107567797, -2.7522496839567614, 0.8863670297242466, 1.0] @ @ invProMat [1.0755127546977834, 0.0, 0.0, 0.0, 0.0, 1.3292862869606672, 0.0, 0.0, 3.469446951953614e-18, 0.0, 0.0, -99.99989978979139, 0.016855239702852798, 0.0, -1.0, 99.99999515712746] @ 
* frameTime 0.356146 * * inCalibrateBool 0.000000 * * eventFlag 0.000000 * * trialType t2 * [ viewPos_XYZ -1.185105 1.062587 -2.534995 ] < viewQUAT_WXYZ -0.210442 0.672235 -0.635557 -0.316040 > < eyeTimeStamp 8393363816.000000 > < IOD 62.886871 > < IPD 63.255026 > < eyePOR_XY 1426.999766 411.635426 > < eyeGazeDir_XYZ -0.415363 -0.497447 0.761590 > < eyeGazePoint_XYZ -1.870771 1.120252 -27.402103 > < rightPupilRadius 1.094202 > < rightEyeLensDistance 26.216774 > < rightGazePoint_XYZ -31.880459 0.183756 -25.855416 > < rightGazeDir_XYZ -0.298167 0.117795 0.683785 > < rightPOR_XY 1580.812925 287.790041 > < rightPupilPos_XYZ -38.051405 -1.964093 -20.073011 > < leftPupilRadius 1.368666 > < leftEyeLensDistance 25.130861 > < leftGazePoint_XYZ 28.375988 1.302561 -24.624098 > < leftGazeDir_XYZ -0.226958 -0.053158 0.748223 > < leftPOR_XY 1240.465458 555.211796 > < leftPupilPos_XYZ 25.168662 -1.953505 -17.970316 > [ paddlePos_XYZ -1.247172 0.658692 -2.366454 ] < paddleQUAT_WXYZ 0.076215 -0.662041 0.738050 0.105708 > [ ballPos_XYZ nan nan nan ] [ ballVel_XYZ nan nan nan ] [ ballPix_XYDist nan nan nan ] @ invViewMat [-0.7116653981796397, -0.6846562052210555, -0.15741094934452154, 0.0, 0.11879067951036935, 0.10356245571325427, -0.9875037274633384, 0.0, 0.6924024592028871, -0.7214711630681219, 0.007628963815199896, 0.0, 0.8176128469453874, -2.7503592125742995, 0.8820999537469184, 1.0] @ @ invProMat [1.0755127546977834, 0.0, 0.0, 0.0, 0.0, 1.3292862869606672, 0.0, 0.0, 3.469446951953614e-18, 0.0, 0.0, -99.99989978979139, 0.016855239702852798, 0.0, -1.0, 99.99999515712746] @ 
* frameTime 0.369695 * * inCalibrateBool 0.000000 * * eventFlag 0.000000 * * trialType t2 * [ viewPos_XYZ -1.186652 1.062880 -2.535951 ] < viewQUAT_WXYZ -0.210627 0.672818 -0.635498 -0.314792 > < eyeTimeStamp 8393363816.000000 > < IOD 62.886871 > < IPD 63.255026 > < eyePOR_XY 1426.999766 411.635426 > < eyeGazeDir_XYZ -0.415363 -0.497447 0.761590 > < eyeGazePoint_XYZ -1.870771 1.120252 -27.402103 > < rightPupilRadius 1.094202 > < rightEyeLensDistance 26.216774 > < rightGazePoint_XYZ -31.880459 0.183756 -25.855416 > < rightGazeDir_XYZ -0.298167 0.117795 0.683785 > < rightPOR_XY 1580.812925 287.790041 > < rightPupilPos_XYZ -38.051405 -1.964093 -20.073011 > < leftPupilRadius 1.368666 > < leftEyeLensDistance 25.130861 > < leftGazePoint_XYZ 28.375988 1.302561 -24.624098 > < leftGazeDir_XYZ -0.226958 -0.053158 0.748223 > < leftPOR_XY 1240.465458 555.211796 > < leftPupilPos_XYZ 25.168662 -1.953505 -17.970316 > [ paddlePos_XYZ -1.247027 0.659751 -2.366822 ] < paddleQUAT_WXYZ 0.071689 -0.664761 0.735559 0.109120 > [ ballPos_XYZ nan nan nan ] [ ballVel_XYZ nan nan nan ] [ ballPix_XYDist nan nan nan ] @ invViewMat [-0.7130837817824058, -0.6835276101877589, -0.1558896019070255, 0.0, 0.11667257050529395, 0.10355646904544083, -0.98775682592391, 0.0, 0.6913024541991597, -0.7225414132724914, 0.005904484587852282, 0.0, 0.8149179670756697, -2.753507250613184, 0.879853669666344, 1.0] @ @ invProMat [1.0755127546977834, 0.0, 0.0, 0.0, 0.0, 1.3292862869606672, 0.0, 0.0, 3.469446951953614e-18, 0.0, 0.0, -99.99989978979139, 0.016855239702852798, 0.0, -1.0, 99.99999515712746] @ 
* frameTime 0.382881 * * inCalibrateBool 0.000000 * * eventFlag 0.000000 * * trialType t2 * [ viewPos_XYZ -1.186222 1.063398 -2.535643 ] < viewQUAT_WXYZ -0.210804 0.673428 -0.635440 -0.313484 > < eyeTimeStamp 8393363816.000000 > < IOD 62.886871 > < IPD 63.255026 > < eyePOR_XY 1426.999766 411.635426 > < eyeGazeDir_XYZ -0.415363 -0.497447 0.761590 > < eyeGazePoint_XYZ -1.870771 1.120252 -27.402103 > < rightPupilRadius 1.094202 > < rightEyeLensDistance 26.216774 > < rightGazePoint_XYZ -31.880459 0.183756 -25.855416 > < rightGazeDir_XYZ -0.298167 0.117795 0.683785 > < rightPOR_XY 1580.812925 287.790041 > < rightPupilPos_XYZ -38.051405 -1.964093 -20.073011 > < leftPupilRadius 1.368666 > < leftEyeLensDistance 25.130861 > < leftGazePoint_XYZ 28.375988 1.302561 -24.624098 > < leftGazeDir_XYZ -0.226958 -0.053158 0.748223 > < leftPOR_XY 1240.465458 555.211796 > < leftPupilPos_XYZ 25.168662 -1.953505 -17.970316 > [ paddlePos_XYZ -1.247295 0.658752 -2.366449 ] < paddleQUAT_WXYZ 0.076738 -0.662541 0.737495 0.106076 > [ ballPos_XYZ nan nan nan ] [ ballVel_XYZ nan nan nan ] [ ballPix_XYDist nan nan nan ] @ invViewMat [-0.7145791197291108, -0.682322970264154, -0.15431126334512502, 0.0, 0.1144787225967922, 0.10355437771852441, -0.988013695544846, 0.0, 0.6901241014175693, -0.7236793439643411, 0.004113664588877977, 0.0, 0.812522379095878, -2.7544983913427, 0.8780356670088432, 1.0] @ @ invProMat [1.0755127546977834, 0.0, 0.0, 0.0, 0.0, 1.3292862869606672, 0.0, 0.0, 3.469446951953614e-18, 0.0, 0.0, -99.99989978979139, 0.016855239702852798, 0.0, -1.0, 99.99999515712746] @ 
* frameTime 0.398985 * * inCalibrateBool 0.000000 * * eventFlag 0.000000 * * trialType t2 * [ viewPos_XYZ -1.185557 1.062084 -2.535896 ] < viewQUAT_WXYZ -0.210680 0.674130 -0.635365 -0.312208 > < eyeTimeStamp 8393363816.000000 > < IOD 62.886871 > < IPD 63.255026 > < eyePOR_XY 1426.999766 411.635426 > < eyeGazeDir_XYZ -0.415363 -0.497447 0.761590 > < eyeGazePoint_XYZ -1.870771 1.120252 -27.402103 > < rightPupilRadius 1.094202 > < rightEyeLensDistance 26.216774 > < rightGazePoint_XYZ -31.880459 0.183756 -25.855416 > < rightGazeDir_XYZ -0.298167 0.117795 0.683785 > < rightPOR_XY 1580.812925 287.790041 > < rightPupilPos_XYZ -38.051405 -1.964093 -20.073011 > < leftPupilRadius 1.368666 > < leftEyeLensDistance 25.130861 > < leftGazePoint_XYZ 28.375988 1.302561 -24.624098 > < leftGazeDir_XYZ -0.226958 -0.053158 0.748223 > < leftPOR_XY 1240.465458 555.211796 > < leftPupilPos_XYZ 25.168662 -1.953505 -17.970316 > [ paddlePos_XYZ -1.246835 0.659708 -2.366734 ] < paddleQUAT_WXYZ 0.072219 -0.664081 0.736067 0.109483 > [ ballPos_XYZ nan nan nan ] [ ballVel_XYZ nan nan nan ] [ ballPix_XYDist nan nan nan ] @ invViewMat [-0.7162804060916803, -0.6807835695080475, -0.15321916754226078, 0.0, 0.1126802194591137, 0.10384937157708898, -0.9881894702565642, 0.0, 0.6886548721748439, -0.725085522849723, 0.0023255759963488193, 0.0, 0.8094905894648788, -2.7561459406475244, 0.8737878980692018, 1.0] @ @ invProMat [1.0755127546977834, 0.0, 0.0, 0.0, 0.0, 1.3292862869606672, 0.0, 0.0, 3.469446951953614e-18, 0.0, 0.0, -99.99989978979139, 0.016855239702852798, 0.0, -1.0, 99.99999515712746] @ 
* frameTime 0.409923 * * inCalibrateBool 0.000000 * * eventFlag 0.000000 * * trialType t2 * [ viewPos_XYZ -1.186438 1.062806 -2.536050 ] < viewQUAT_WXYZ -0.210351 0.675004 -0.635143 -0.310991 > < eyeTimeStamp 8393363816.000000 > < IOD 62.886871 > < IPD 63.255026 > < eyePOR_XY 1426.999766 411.635426 > < eyeGazeDir_XYZ -0.415363 -0.497447 0.761590 > < eyeGazePoint_XYZ -1.870771 1.120252 -27.402103 > < rightPupilRadius 1.094202 > < rightEyeLensDistance 26.216774 > < rightGazePoint_XYZ -31.880459 0.183756 -25.855416 > < rightGazeDir_XYZ -0.298167 0.117795 0.683785 > < rightPOR_XY 1580.812925 287.790041 > < rightPupilPos_XYZ -38.051405 -1.964093 -20.073011 > < leftPupilRadius 1.368666 > < leftEyeLensDistance 25.130861 > < leftGazePoint_XYZ 28.375988 1.302561 -24.624098 > < leftGazeDir_XYZ -0.226958 -0.053158 0.748223 > < leftPOR_XY 1240.465458 555.211796 > < leftPupilPos_XYZ 25.168662 -1.953505 -17.970316 > [ paddlePos_XYZ -1.246909 0.659631 -2.366879 ] < paddleQUAT_WXYZ 0.072116 -0.663835 0.736425 0.108631 > [ ballPos_XYZ nan nan nan ] [ ballVel_XYZ nan nan nan ] [ ballPix_XYDist nan nan nan ] @ invViewMat [-0.7180739954080922, -0.6790229220985219, -0.15263564218133913, 0.0, 0.11107226344269924, 0.1046931393879827, -0.9882824990804258, 0.0, 0.6870463881099748, -0.7266135470937622, 0.00024319645821566094, 0.0, 0.8043852596386731, -2.759615409357285, 0.8698766763115819, 1.0] @ @ invProMat [1.0755127546977834, 0.0, 0.0, 0.0, 0.0, 1.3292862869606672, 0.0, 0.0, 3.469446951953614e-18, 0.0, 0.0, -99.99989978979139, 0.016855239702852798, 0.0, -1.0, 99.99999515712746] @ 
* frameTime 0.428683 * * inCalibrateBool 0.000000 * * eventFlag 0.000000 * * trialType t2 * [ viewPos_XYZ -1.184920 1.061554 -2.532164 ] < viewQUAT_WXYZ -0.210203 0.675952 -0.634861 -0.309606 > < eyeTimeStamp 8393363816.000000 > < IOD 62.886871 > < IPD 63.255026 > < eyePOR_XY 1426.999766 411.635426 > < eyeGazeDir_XYZ -0.415363 -0.497447 0.761590 > < eyeGazePoint_XYZ -1.870771 1.120252 -27.402103 > < rightPupilRadius 1.094202 > < rightEyeLensDistance 26.216774 > < rightGazePoint_XYZ -31.880459 0.183756 -25.855416 > < rightGazeDir_XYZ -0.298167 0.117795 0.683785 > < rightPOR_XY 1580.812925 287.790041 > < rightPupilPos_XYZ -38.051405 -1.964093 -20.073011 > < leftPupilRadius 1.368666 > < leftEyeLensDistance 25.130861 > < leftGazePoint_XYZ 28.375988 1.302561 -24.624098 > < leftGazeDir_XYZ -0.226958 -0.053158 0.748223 > < leftPOR_XY 1240.465458 555.211796 > < leftPupilPos_XYZ 25.168662 -1.953505 -17.970316 > [ paddlePos_XYZ -1.247119 0.658657 -2.366497 ] < paddleQUAT_WXYZ 0.075833 -0.662024 0.738145 0.105432 > [ ballPos_XYZ nan nan nan ] [ ballVel_XYZ nan nan nan ] [ ballPix_XYDist nan nan nan ] @ invViewMat [-0.7199183093641107, -0.6772867627149161, -0.1516584370777069, 0.0, 0.10893939138609257, 0.10553337520488701, -0.9884305014225485, 0.0, 0.6854559458010436, -0.7281108404875971, -0.0021922026264519223, 0.0, 0.798996094273843, -2.758255553438363, 0.8640187223961112, 1.0] @ @ invProMat [1.0755127546977834, 0.0, 0.0, 0.0, 0.0, 1.3292862869606672, 0.0, 0.0, 3.469446951953614e-18, 0.0, 0.0, -99.99989978979139, 0.016855239702852798, 0.0, -1.0, 99.99999515712746] @ 
* frameTime 0.450149 * * inCalibrateBool 0.000000 * * eventFlag 0.000000 * * trialType t2 * [ viewPos_XYZ -1.186764 1.062176 -2.536271 ] < viewQUAT_WXYZ -0.210260 0.676376 -0.634818 -0.308729 > < eyeTimeStamp 8393363816.000000 > < IOD 62.886871 > < IPD 63.255026 > < eyePOR_XY 1426.999766 411.635426 > < eyeGazeDir_XYZ -0.415363 -0.497447 0.761590 > < eyeGazePoint_XYZ -1.870771 1.120252 -27.402103 > < rightPupilRadius 1.094202 > < rightEyeLensDistance 26.216774 > < rightGazePoint_XYZ -31.880459 0.183756 -25.855416 > < rightGazeDir_XYZ -0.298167 0.117795 0.683785 > < rightPOR_XY 1580.812925 287.790041 > < rightPupilPos_XYZ -38.051405 -1.964093 -20.073011 > < leftPupilRadius 1.368666 > < leftEyeLensDistance 25.130861 > < leftGazePoint_XYZ 28.375988 1.302561 -24.624098 > < leftGazeDir_XYZ -0.226958 -0.053158 0.748223 > < leftPOR_XY 1240.465458 555.211796 > < leftPupilPos_XYZ 25.168662 -1.953505 -17.970316 > [ paddlePos_XYZ -1.247135 0.658941 -2.366499 ] < paddleQUAT_WXYZ 0.074894 -0.662986 0.737179 0.106800 > [ ballPos_XYZ nan nan nan ] [ ballVel_XYZ nan nan nan ] [ ballPix_XYDist nan nan nan ] @ invViewMat [-0.7209546702811525, -0.6764020661887511, -0.15068031399536327, 0.0, 0.10754397344929038, 0.10559505980195885, -0.9885767147186757, 0.0, 0.6845864573719301, -0.7289238075702171, -0.0033862866991008628, 0.0, 0.7984632828420931, -2.7636385558127343, 0.8626323837891134, 1.0] @ @ invProMat [1.0755127546977834, 0.0, 0.0, 0.0, 0.0, 1.3292862869606672, 0.0, 0.0, 3.469446951953614e-18, 0.0, 0.0, -99.99989978979139, 0.016855239702852798, 0.0, -1.0, 99.99999515712746] @ 
* frameTime 0.463145 * * inCalibrateBool 0.000000 * * eventFlag 0.000000 * * trialType t2 * [ viewPos_XYZ -1.185859 1.062782 -2.536925 ] < viewQUAT_WXYZ -0.209936 0.677086 -0.634807 -0.307410 > < eyeTimeStamp 8393363816.000000 > < IOD 62.886871 > < IPD 63.255026 > < eyePOR_XY 1426.999766 411.635426 > < eyeGazeDir_XYZ -0.415363 -0.497447 0.761590 > < eyeGazePoint_XYZ -1.870771 1.120252 -27.402103 > < rightPupilRadius 1.094202 > < rightEyeLensDistance 26.216774 > < rightGazePoint_XYZ -31.880459 0.183756 -25.855416 > < rightGazeDir_XYZ -0.298167 0.117795 0.683785 > < rightPOR_XY 1580.812925 287.790041 > < rightPupilPos_XYZ -38.051405 -1.964093 -20.073011 > < leftPupilRadius 1.368666 > < leftEyeLensDistance 25.130861 > < leftGazePoint_XYZ 28.375988 1.302561 -24.624098 > < leftGazeDir_XYZ -0.226958 -0.053158 0.748223 > < leftPOR_XY 1240.465458 555.211796 > < leftPupilPos_XYZ 25.168662 -1.953505 -17.970316 > [ paddlePos_XYZ -1.247223 0.658131 -2.366107 ] < paddleQUAT_WXYZ 0.078671 -0.660890 0.738951 0.104819 > [ ballPos_XYZ nan nan nan ] [ ballVel_XYZ nan nan nan ] [ ballPix_XYDist nan nan nan ] @ invViewMat [-0.7228521728801997, -0.6745816921412582, -0.14974763123361862, 0.0, 0.10600231957545755, 0.10589257400051051, -0.988711423195184, 0.0, 0.6828237463274002, -0.7305657401658704, -0.005037450150674291, 0.0, 0.7944144671837793, -2.765890447388283, 0.8604255826207495, 1.0] @ @ invProMat [1.0755127546977834, 0.0, 0.0, 0.0, 0.0, 1.3292862869606672, 0.0, 0.0, 3.469446951953614e-18, 0.0, 0.0, -99.99989978979139, 0.016855239702852798, 0.0, -1.0, 99.99999515712746] @ 
* frameTime 0.476364 * * inCalibrateBool 0.000000 * * eventFlag 0.000000 * * trialType t2 * [ viewPos_XYZ -1.186251 1.062910 -2.535655 ] < viewQUAT_WXYZ -0.209786 0.677701 -0.634858 -0.306049 > < eyeTimeStamp 8393363816.000000 > < IOD 62.886871 > < IPD 63.255026 > < eyePOR_XY 1426.999766 411.635426 > < eyeGazeDir_XYZ -0.415363 -0.497447 0.761590 > < eyeGazePoint_XYZ -1.870771 1.120252 -27.402103 > < rightPupilRadius 1.094202 > < rightEyeLensDistance 26.216774 > < rightGazePoint_XYZ -31.880459 0.183756 -25.855416 > < rightGazeDir_XYZ -0.298167 0.117795 0.683785 > < rightPOR_XY 1580.812925 287.790041 > < rightPupilPos_XYZ -38.051405 -1.964093 -20.073011 > < leftPupilRadius 1.368666 > < leftEyeLensDistance 25.130861 > < leftGazePoint_XYZ 28.375988 1.302561 -24.624098 > < leftGazeDir_XYZ -0.226958 -0.053158 0.748223 > < leftPOR_XY 1240.465458 555.211796 > < leftPupilPos_XYZ 25.168662 -1.953505 -17.970316 > [ paddlePos_XYZ -1.246851 0.659275 -2.366528 ] < paddleQUAT_WXYZ 0.073919 -0.663150 0.736943 0.108086 > [ ballPos_XYZ nan nan nan ] [ ballVel_XYZ nan nan nan ] [ ballPix_XYDist nan nan nan ] @ invViewMat [-0.7246479251197444, -0.6729397453200481, -0.14845016753051837, 0.0, 0.10425023469928815, 0.10588965363555004, -0.9888980366184357, 0.0, 0.681188146160832, -0.7320788716140869, -0.006578594476840199, 0.0, 0.7888355649676024, -2.7671265523377784, 0.8583292895850781, 1.0] @ @ invProMat [1.0755127546977834, 0.0, 0.0, 0.0, 0.0, 1.3292862869606672, 0.0, 0.0, 3.469446951953614e-18, 0.0, 0.0, -99.99989978979139, 0.016855239702852798, 0.0, -1.0, 99.99999515712746] @ 
